00000000000000000000000000000000000000000000
00000000000000000220000000000000000000000000
00000000000000022222200000000000000000000000
00000000000000222222220000000000000000000000
00000000000002222222222000000000000000000000
00000000000002222222222000000000000000000000
00000000000022222222222200000000000000000000
00000000000022222222222200000000000000000000
00000000000002222222222000000000000000000000
00000000000002222222222000000000000000000000
00000000000000222222220000000000000000000000
00000000000000022222200000000000000000000000
00000000000000000220000000000000000000000000
00000000000000000000000000000000000000000000
00000000000000000220000000000000000000000000
00000000000000022222200000000000000000000000
00000000000000222222220000000000000000000000
00000000000002222222222000000000000000000000
00000000000002222222222000000000000000000000
00000000000022222222222200000000000000000000
00000000000022222222222200000000000000000000
00000000000002222222222000000000000000000000
00000000000002222222222000000000000000000000
00000000000000222222220000000000000000000000
00000000000000022222200000000000000000000000
00000000000000000220000000000000000000000000
00000000000000000000000000000000000000000000
00000000000000000220000000000000000000000000
00000000000000022222200000000000000000000000
00000000000000222222220000000000000000000000
00000000000002222222222000000000000000000000
00000000000002222222222000000000000000000000
00000000000022222222222200000000000000000000
00000000000022222222222200000000000000000000
00000000000002222222222000000000000000000000
00000000000002222222222000000000000000000000
00000000000000222222220000000000000000000000
00000000000000022222200000000000000000000000
00000000000000000220000000000000000000000000
00000000000000000000000000000000000000000000
