00000000000000001111000000000000000122222222222210000000000000001111000000000000000000000000
00000000000000111221110000000000000122222222222210000000000000111221110000000000000000000000
00000000000001122222211000000000000112222222222110000000000001122222211000000000000000000000
00000000000011222222221100000000000012222222222100000000000011222222221100000000000000000000
00000000000012222222222100000000000011222222221100000000000012222222222100000000000000000000
00000000000112222222222110000000000001122222211000000000000112222222222110000000000000000000
00000000000122222222222210000000000000111221110000000000000122222222222210000000000000000000
00000000000122222222222210000000000000001111000000000000000122222222222210000000000000000000
00000000000112222222222110000000000000111221110000000000000112222222222110000000000000000000
00000000000012222222222100000000000001122222211000000000000012222222222100000000000000000000
00000000000011222222221100000000000011222222221100000000000011222222221100000000000000000000
00000000000001122222211000000000000012222222222100000000000001122222211000000000000000000000
00000000000000111221110000000000000112222222222110000000000000111221110000000000000000000000
00000000000000001111000000000000000122222222222210000000000000001111000000000000000000000000
00000000000000111221110000000000000122222222222210000000000000111221110000000000000000000000
00000000000001122222211000000000000112222222222110000000000001122222211000000000000000000000
00000000000011222222221100000000000012222222222100000000000011222222221100000000000000000000
00000000000012222222222100000000000011222222221100000000000012222222222100000000000000000000
00000000000112222222222110000000000001122222211000000000000112222222222110000000000000000000
00000000000122222222222210000000000000111221110000000000000122222222222210000000000000000000
00000000000122222222222210000000000000001111000000000000000122222222222210000000000000000000
00000000000112222222222110000000000000111221110000000000000112222222222110000000000000000000
00000000000012222222222100000000000001122222211000000000000012222222222100000000000000000000
00000000000011222222221100000000000011222222221100000000000011222222221100000000000000000000
00000000000001122222211000000000000012222222222100000000000001122222211000000000000000000000
00000000000000111221110000000000000112222222222110000000000000111221110000000000000000000000
00000000000000001111000000000000000122222222222210000000000000001111000000000000000000000000
00000000000000111221110000000000000122222222222210000000000000111221110000000000000000000000
00000000000001122222211000000000000112222222222110000000000001122222211000000000000000000000
00000000000011222222221100000000000012222222222100000000000011222222221100000000000000000000
00000000000012222222222100000000000011222222221100000000000012222222222100000000000000000000
00000000000112222222222110000000000001122222211000000000000112222222222110000000000000000000
00000000000122222222222210000000000000111221110000000000000122222222222210000000000000000000
00000000000122222222222210000000000000001111000000000000000122222222222210000000000000000000
00000000000112222222222110000000000000111221110000000000000112222222222110000000000000000000
00000000000012222222222100000000000001122222211000000000000012222222222100000000000000000000
00000000000011222222221100000000000011222222221100000000000011222222221100000000000000000000
00000000000001122222211000000000000012222222222100000000000001122222211000000000000000000000
00000000000000111221110000000000000112222222222110000000000000111221110000000000000000000000
00000000000000001111000000000000000122222222222210000000000000001111000000000000000000000000